%YAML:1.0
calibration_Time: "Thu Aug 27 09:59:51 2015"
nrOfFrames: 13
image_Width: 1920
image_Height: 1088
board_Width: 9
board_Height: 6
square_Size: 20.
flagValue: 0
Camera_Matrix: !!opencv-matrix
   rows: 3
   cols: 3
   dt: d
   data: [ 1.7457488203461007e+03, 0., 9.9765483465545753e+02, 0.,
       1.7607138854876143e+03, 5.5867984679368055e+02, 0., 0., 1. ]
Distortion_Coefficients: !!opencv-matrix
   rows: 5
   cols: 1
   dt: d
   data: [ 6.6022934804722461e-02, 2.8503592700278058e-01,
       -7.9896263239522219e-04, -1.4848016308436638e-03,
       -1.6434434833175553e+00 ]
Avg_Reprojection_Error: 3.5679862087859543e-01
Per_View_Reprojection_Errors: !!opencv-matrix
   rows: 13
   cols: 1
   dt: f
   data: [ 3.30854744e-01, 3.18894535e-01, 3.07024449e-01,
       3.29410791e-01, 4.97921705e-01, 5.25024831e-01, 4.51942146e-01,
       2.83450842e-01, 3.33857596e-01, 2.97267348e-01, 2.90184736e-01,
       2.74125576e-01, 2.71441221e-01 ]
# a set of 6-tuples (rotation vector + translation vector) for each view
Extrinsic_Parameters: !!opencv-matrix
   rows: 13
   cols: 6
   dt: d
   data: [ -6.6029098779095885e-01, -2.2740535408726673e-01,
       -5.9970006196133807e-01, -1.0045970256623532e+02,
       -8.9422308219474154e+00, 4.8409693934320768e+02,
       -5.9385733243980710e-01, 9.2116364378847945e-02,
       1.7764196413846292e-01, -1.1314437006963433e+02,
       -5.4292200898469041e+01, 5.4417909979259855e+02,
       -4.1751801693422086e-01, 3.8563976394410726e-01,
       1.2063279560327220e+00, -2.7744857006615064e+01,
       -1.1295315446781152e+02, 5.2329920820515281e+02,
       -4.0198063931705663e-01, 5.7722229713103712e-01,
       1.9458063575164806e+00, 6.3848274987313040e+01,
       -3.8298829072947846e+01, 5.4266008714486327e+02,
       -8.0760620865609611e-01, 2.5196605596494576e-01,
       5.0645441181567197e-01, -6.9669203997831872e+01,
       -7.2445794258170523e+01, 4.3186225615314703e+02,
       -7.7362462426938250e-01, -1.2352252204053811e-01,
       -1.9400825958918641e-01, -8.8667427082133813e+01,
       -3.8760624550282728e+01, 3.3964443746737538e+02,
       -6.9668476076293206e-01, -2.5536499505175142e-01,
       -5.3057103997680810e-01, -8.9605991522407166e+01,
       -2.7089384191173629e+01, 3.8129465519299822e+02,
       -1.0574819068312123e-01, -1.4411587297656885e-02,
       7.4205922859131171e-03, -7.7361378630374958e+01,
       -7.1087370239066232e+01, 4.0593706757859189e+02,
       -9.6351209478102967e-02, 3.6053449739341520e-03,
       1.2243961842247899e-02, -1.7262003617942324e+02,
       -7.1138992884738954e+01, 4.0284861758708530e+02,
       -1.1328957081260971e-01, -2.0452810618904690e-02,
       4.2464043459513511e-02, 6.9231057351723102e+00,
       -6.8010999285921741e+01, 4.3629996903586709e+02,
       -1.5912524337315476e-01, -1.9473732826752122e-02,
       -5.4322258580398958e-03, -9.0711796595721253e+01,
       -1.0358904261069959e+02, 4.2252348011688770e+02,
       -1.7012610277280452e-01, -3.8651443481392815e-02,
       1.4475258477296684e-03, -9.9189681878635014e+01,
       -2.5243391333095143e+01, 3.9659235489045227e+02,
       -1.0309169767030368e-01, -1.3335278652328499e-02,
       -9.2210445564212917e-01, -1.2132495674112148e+02,
       2.6640196352713090e+01, 4.6991623942335303e+02 ]
Image_points: !!opencv-matrix
   rows: 13
   cols: 54
   dt: "2f"
   data: [ 6.33738831e+02, 5.25921509e+02, 6.97699402e+02,
       4.94608765e+02, 7.59135803e+02, 4.64048706e+02, 8.18724365e+02,
       4.33591919e+02, 8.76077881e+02, 4.05155151e+02, 9.31914124e+02,
       3.77357178e+02, 9.86258667e+02, 3.49969360e+02, 1.03904541e+03,
       3.23658997e+02, 1.09032410e+03, 2.97553558e+02, 6.69838806e+02,
       5.72381836e+02, 7.34177612e+02, 5.39357361e+02, 7.96260254e+02,
       5.07391510e+02, 8.56301636e+02, 4.75462738e+02, 9.14321960e+02,
       4.45401367e+02, 9.70484253e+02, 4.16596313e+02, 1.02557703e+03,
       3.88464905e+02, 1.07861462e+03, 3.60994232e+02, 1.13044092e+03,
       3.34106140e+02, 7.07148865e+02, 6.19919922e+02, 7.72346863e+02,
       5.85835266e+02, 8.34907043e+02, 5.52488464e+02, 8.95729614e+02,
       5.19542419e+02, 9.54275757e+02, 4.88621185e+02, 1.01105725e+03,
       4.58389832e+02, 1.06644641e+03, 4.28687164e+02, 1.11998352e+03,
       4.00239502e+02, 1.17218604e+03, 3.71614441e+02, 7.46342102e+02,
       6.70350769e+02, 8.12113892e+02, 6.34572632e+02, 8.75478210e+02,
       5.99584106e+02, 9.36892639e+02, 5.65509949e+02, 9.96134521e+02,
       5.32589233e+02, 1.05335071e+03, 5.01173370e+02, 1.10929553e+03,
       4.70678467e+02, 1.16323682e+03, 4.40566193e+02, 1.21582507e+03,
       4.11361115e+02, 7.86921875e+02, 7.23487305e+02, 8.53529114e+02,
       6.85716492e+02, 9.17487122e+02, 6.49093811e+02, 9.79605225e+02,
       6.13659363e+02, 1.03933252e+03, 5.79424194e+02, 1.09719604e+03,
       5.46427368e+02, 1.15345410e+03, 5.14354858e+02, 1.20791541e+03,
       4.82963593e+02, 1.26107617e+03, 4.51652069e+02, 8.29470032e+02,
       7.78653015e+02, 8.96633789e+02, 7.38794800e+02, 9.61440796e+02,
       7.00424866e+02, 1.02424841e+03, 6.62665405e+02, 1.08451086e+03,
       6.27464966e+02, 1.14279602e+03, 5.92822632e+02, 1.19955859e+03,
       5.59497314e+02, 1.25445667e+03, 5.26779846e+02, 1.30778662e+03,
       4.95468018e+02, 6.32710938e+02, 3.82045349e+02, 6.95197571e+02,
       3.90793549e+02, 7.57546265e+02, 3.99503235e+02, 8.20593445e+02,
       4.07494263e+02, 8.83774963e+02, 4.16321106e+02, 9.47655945e+02,
       4.24833405e+02, 1.01255804e+03, 4.33589691e+02, 1.07780164e+03,
       4.42432861e+02, 1.14395190e+03, 4.51158417e+02, 6.12780579e+02,
       4.32474060e+02, 6.76291870e+02, 4.41530548e+02, 7.39924744e+02,
       4.50417145e+02, 8.04186340e+02, 4.58614624e+02, 8.68611084e+02,
       4.67488464e+02, 9.33649597e+02, 4.76807007e+02, 9.99881287e+02,
       4.86170471e+02, 1.06647314e+03, 4.95468140e+02, 1.13393530e+03,
       5.04600220e+02, 5.91376160e+02, 4.84478271e+02, 6.56376160e+02,
       4.94301483e+02, 7.21385864e+02, 5.03578430e+02, 7.86954773e+02,
       5.12551392e+02, 8.52708618e+02, 5.22428589e+02, 9.19200439e+02,
       5.31773560e+02, 9.86637451e+02, 5.41482117e+02, 1.05464624e+03,
       5.51265320e+02, 1.12357654e+03, 5.60512268e+02, 5.69080444e+02,
       5.39330750e+02, 6.35396606e+02, 5.49509644e+02, 7.01727661e+02,
       5.59188416e+02, 7.68823792e+02, 5.68909851e+02, 8.35950256e+02,
       5.78520325e+02, 9.03717957e+02, 5.88707397e+02, 9.72737549e+02,
       5.99353882e+02, 1.04226990e+03, 6.09385193e+02, 1.11255750e+03,
       6.19448242e+02, 5.45895935e+02, 5.96957397e+02, 6.13688416e+02,
       6.07351074e+02, 6.81545776e+02, 6.17433838e+02, 7.50174683e+02,
       6.27813354e+02, 8.18630798e+02, 6.38175537e+02, 8.87941833e+02,
       6.48634399e+02, 9.58390015e+02, 6.59569336e+02, 1.02933850e+03,
       6.70208252e+02, 1.10128931e+03, 6.80372070e+02, 5.21726624e+02,
       6.56906616e+02, 5.90752991e+02, 6.67533081e+02, 6.60248779e+02,
       6.78145752e+02, 7.30225891e+02, 6.88508606e+02, 8.00485535e+02,
       6.99730286e+02, 8.71209167e+02, 7.10723938e+02, 9.43262817e+02,
       7.22380371e+02, 1.01569855e+03, 7.33559998e+02, 1.08929053e+03,
       7.45308044e+02, 9.04601868e+02, 1.76767593e+02, 9.23938354e+02,
       2.25853394e+02, 9.44321289e+02, 2.76554443e+02, 9.65145081e+02,
       3.28537201e+02, 9.87021301e+02, 3.83230499e+02, 1.00945984e+03,
       4.39687103e+02, 1.03330774e+03, 4.98990997e+02, 1.05780017e+03,
       5.60608276e+02, 1.08368420e+03, 6.24925720e+02, 8.40593384e+02,
       1.95741455e+02, 8.59156189e+02, 2.45344040e+02, 8.78063110e+02,
       2.96380737e+02, 8.97723206e+02, 3.48890350e+02, 9.18133179e+02,
       4.03647278e+02, 9.39522766e+02, 4.61253357e+02, 9.61684570e+02,
       5.21423584e+02, 9.85013184e+02, 5.83772888e+02, 1.00932599e+03,
       6.49054871e+02, 7.75604187e+02, 2.13955048e+02, 7.92974121e+02,
       2.64503326e+02, 8.10915649e+02, 3.16324493e+02, 8.29329102e+02,
